RUNNING THE L-BFGS-B CODE

it    = iteration number
nf    = number of function evaluations
nseg  = number of segments explored during the Cauchy search
nact  = number of active bounds at the generalized Cauchy point
sub   = manner in which the subspace minimization terminated:
        con = converged, bnd = a bound was reached
itls  = number of iterations performed in the line search
stepl = step length used
tstep = norm of the displacement (total step)
projg = norm of the projected gradient
f     = function value

           * * *

Machine precision = 2.220D-16
 N =          879     M =           10

   it   nf  nseg  nact  sub  itls  stepl    tstep     projg        f
    0    1     -     -   -     -     -        -     3.806D+03  2.452D+04
    1    2     1     0  ---    0  2.6D-04  1.0D+00  1.427D+03  2.155D+04
    2    4     0     0  con    1  4.4D-01  3.1D-01  1.821D+02  2.130D+04
    3    7     0     0  con    2  2.1D+01  3.1D+00  3.333D+03  2.019D+04
    4    8     0     0  con    0  1.0D+00  1.2D+00  1.113D+03  1.943D+04
    5    9     0     0  con    0  1.0D+00  5.5D-01  6.932D+02  1.928D+04
    6   10     0     0  con    0  1.0D+00  8.7D-01  6.465D+02  1.908D+04
    7   11     0     0  con    0  1.0D+00  1.8D+00  1.401D+02  1.854D+04
    8   12     0     0  con    0  1.0D+00  9.4D-01  1.296D+02  1.832D+04
    9   13     0     0  con    0  1.0D+00  1.1D+00  6.891D+01  1.814D+04
   10   14     0     0  con    0  1.0D+00  1.3D+00  2.617D+02  1.801D+04
   11   15     0     0  con    0  1.0D+00  8.0D-01  1.383D+02  1.790D+04
   12   16     0     0  con    0  1.0D+00  6.5D-01  2.014D+02  1.782D+04
   13   17     0     0  con    0  1.0D+00  7.7D-01  8.127D+01  1.773D+04
   14   18     0     0  con    0  1.0D+00  7.6D-01  1.089D+02  1.766D+04
   15   19     0     0  con    0  1.0D+00  3.7D-01  7.093D+01  1.760D+04
   16   20     0     0  con    0  1.0D+00  8.6D-01  6.300D+02  1.758D+04
   17   21     0     0  con    0  1.0D+00  2.7D-01  3.770D+02  1.754D+04
   18   22     0     0  con    0  1.0D+00  1.8D-01  9.087D+01  1.752D+04
   19   23     0     0  con    0  1.0D+00  1.6D-01  7.269D+01  1.750D+04
   20   24     0     0  con    0  1.0D+00  4.4D-01  2.338D+02  1.748D+04
   21   25     0     0  con    0  1.0D+00  2.9D-01  2.154D+02  1.745D+04
   22   27     0     0  con    1  4.6D-01  5.0D-01  1.199D+02  1.742D+04
   23   29     0     0  con    1  5.0D-01  3.5D-01  5.091D+01  1.740D+04
   24   30     0     0  con    0  1.0D+00  2.3D-01  1.188D+02  1.738D+04
   25   31     0     0  con    0  1.0D+00  2.8D-01  1.211D+02  1.736D+04
   26   32     0     0  con    0  1.0D+00  4.5D-01  4.491D+01  1.734D+04
   27   33     0     0  con    0  1.0D+00  3.8D-01  5.665D+01  1.732D+04
   28   34     0     0  con    0  1.0D+00  3.4D-01  7.858D+01  1.729D+04
   29   35     0     0  con    0  1.0D+00  4.5D-01  7.110D+01  1.727D+04
   30   36     0     0  con    0  1.0D+00  2.8D-01  1.600D+02  1.725D+04
   31   37     0     0  con    0  1.0D+00  2.4D-01  3.155D+02  1.725D+04
   32   38     0     0  con    0  1.0D+00  1.0D-01  5.940D+01  1.723D+04
   33   39     0     0  con    0  1.0D+00  5.5D-02  4.381D+01  1.723D+04
   34   40     0     0  con    0  1.0D+00  3.0D-01  1.983D+02  1.722D+04
   35   41     0     0  con    0  1.0D+00  2.2D-01  2.016D+02  1.721D+04
   36   42     0     0  con    0  1.0D+00  3.4D-01  8.753D+01  1.720D+04
   37   43     0     0  con    0  1.0D+00  2.2D-01  2.372D+01  1.719D+04
   38   44     0     0  con    0  1.0D+00  1.3D-01  8.302D+01  1.718D+04
   39   45     0     0  con    0  1.0D+00  2.4D-01  8.412D+01  1.718D+04
   40   46     0     0  con    0  1.0D+00  2.9D-01  6.631D+01  1.717D+04
   41   47     0     0  con    0  1.0D+00  6.8D-02  2.993D+01  1.717D+04
   42   48     0     0  con    0  1.0D+00  1.5D-01  3.712D+01  1.716D+04
   43   49     0     0  con    0  1.0D+00  2.7D-01  4.083D+01  1.715D+04
   44   50     0     0  con    0  1.0D+00  4.3D-01  5.836D+01  1.715D+04
   45   51     0     0  con    0  1.0D+00  2.3D-01  1.618D+02  1.714D+04
   46   52     0     0  con    0  1.0D+00  1.2D-01  6.276D+01  1.713D+04
   47   53     0     0  con    0  1.0D+00  2.6D-01  3.315D+01  1.713D+04
   48   54     0     0  con    0  1.0D+00  1.2D-01  1.842D+01  1.712D+04
   49   55     0     0  con    0  1.0D+00  1.5D-01  9.688D+01  1.712D+04
   50   56     0     0  con    0  1.0D+00  9.3D-02  1.383D+01  1.712D+04
   51   57     0     0  con    0  1.0D+00  1.6D-01  4.529D+01  1.711D+04
   52   58     0     0  con    0  1.0D+00  2.1D-01  4.966D+01  1.711D+04
   53   59     0     0  con    0  1.0D+00  3.1D-01  6.956D+01  1.711D+04
   54   60     0     0  con    0  1.0D+00  2.7D-01  5.840D+01  1.710D+04
   55   61     0     0  con    0  1.0D+00  9.5D-02  1.624D+01  1.710D+04
   56   62     0     0  con    0  1.0D+00  1.2D-01  1.779D+01  1.710D+04
   57   63     0     0  con    0  1.0D+00  2.0D-01  3.849D+01  1.709D+04
   58   65     0     0  con    1  3.3D-01  9.2D-02  3.967D+01  1.709D+04
   59   66     0     0  con    0  1.0D+00  8.0D-02  3.156D+01  1.709D+04
   60   67     0     0  con    0  1.0D+00  1.6D-01  1.586D+01  1.709D+04
   61   68     0     0  con    0  1.0D+00  1.9D-01  2.032D+01  1.709D+04
   62   69     0     0  con    0  1.0D+00  4.2D-01  3.886D+01  1.708D+04
   63   70     0     0  con    0  1.0D+00  8.6D-02  1.690D+01  1.708D+04
   64   71     0     0  con    0  1.0D+00  2.1D-01  2.540D+01  1.708D+04
   65   72     0     0  con    0  1.0D+00  2.7D-01  9.461D+01  1.708D+04
   66   73     0     0  con    0  1.0D+00  8.4D-02  2.533D+01  1.707D+04
   67   74     0     0  con    0  1.0D+00  1.7D-01  2.956D+01  1.707D+04
   68   75     0     0  con    0  1.0D+00  1.9D-01  4.556D+01  1.707D+04
   69   76     0     0  con    0  1.0D+00  3.6D-01  3.519D+01  1.707D+04
   70   78     0     0  con    1  3.4D-01  9.0D-02  8.479D+01  1.706D+04
   71   79     0     0  con    0  1.0D+00  8.2D-02  2.292D+01  1.706D+04
   72   80     0     0  con    0  1.0D+00  2.2D-01  1.412D+01  1.706D+04
   73   81     0     0  con    0  1.0D+00  9.3D-02  4.574D+01  1.706D+04
   74   82     0     0  con    0  1.0D+00  1.6D-01  2.466D+01  1.706D+04
   75   83     0     0  con    0  1.0D+00  3.6D-01  2.372D+01  1.705D+04
   76   84     0     0  con    0  1.0D+00  1.2D-01  2.700D+01  1.705D+04
   77   85     0     0  con    0  1.0D+00  1.8D-01  1.534D+01  1.705D+04
   78   87     0     0  con    1  5.1D-01  4.5D-02  3.797D+01  1.705D+04
   79   88     0     0  con    0  1.0D+00  6.1D-02  9.928D+00  1.705D+04
   80   89     0     0  con    0  1.0D+00  8.0D-02  1.589D+01  1.705D+04
   81   90     0     0  con    0  1.0D+00  9.1D-02  4.240D+01  1.705D+04
   82   91     0     0  con    0  1.0D+00  1.6D-01  2.032D+01  1.705D+04
   83   92     0     0  con    0  1.0D+00  4.0D-02  6.864D+00  1.704D+04
   84   93     0     0  con    0  1.0D+00  8.8D-02  1.702D+01  1.704D+04
   85   94     0     0  con    0  1.0D+00  1.1D-01  1.444D+01  1.704D+04
   86   95     0     0  con    0  1.0D+00  2.4D-01  2.484D+01  1.704D+04
   87   96     0     0  con    0  1.0D+00  3.7D-02  5.313D+00  1.704D+04
   88   97     0     0  con    0  1.0D+00  4.1D-02  7.255D+00  1.704D+04
   89   98     0     0  con    0  1.0D+00  9.9D-02  1.099D+01  1.704D+04
   90   99     0     0  con    0  1.0D+00  1.8D-01  2.068D+01  1.704D+04
   91  100     0     0  con    0  1.0D+00  2.0D-01  1.312D+01  1.704D+04
   92  101     0     0  con    0  1.0D+00  7.1D-02  5.223D+01  1.704D+04
   93  102     0     0  con    0  1.0D+00  2.6D-02  9.625D+00  1.704D+04
   94  103     0     0  con    0  1.0D+00  3.2D-02  1.416D+01  1.704D+04
   95  104     0     0  con    0  1.0D+00  9.2D-02  1.948D+01  1.704D+04
   96  105     0     0  con    0  1.0D+00  1.1D-01  1.638D+01  1.704D+04
   97  106     0     0  con    0  1.0D+00  1.1D-01  3.490D+01  1.704D+04
   98  107     0     0  con    0  1.0D+00  3.1D-02  3.964D+00  1.704D+04
   99  108     0     0  con    0  1.0D+00  3.2D-02  5.060D+00  1.704D+04
  100  109     0     0  con    0  1.0D+00  5.1D-02  6.541D+00  1.703D+04
  101  110     0     0  con    0  1.0D+00  1.6D-01  1.099D+01  1.703D+04
  102  111     0     0  con    0  1.0D+00  1.1D-01  1.161D+01  1.703D+04
  103  112     0     0  con    0  1.0D+00  6.9D-02  3.769D+00  1.703D+04
  104  113     0     0  con    0  1.0D+00  1.3D-01  2.300D+01  1.703D+04
  105  115     0     0  con    1  4.7D-01  1.1D-01  2.447D+01  1.703D+04
  106  116     0     0  con    0  1.0D+00  7.2D-02  1.082D+01  1.703D+04
  107  117     0     0  con    0  1.0D+00  1.8D-01  5.799D+00  1.703D+04
  108  118     0     0  con    0  1.0D+00  1.7D-01  1.197D+01  1.703D+04
  109  119     0     0  con    0  1.0D+00  5.1D-01  2.538D+01  1.703D+04
  110  121     0     0  con    1  4.7D-01  3.1D-01  2.791D+01  1.703D+04
  111  122     0     0  con    0  1.0D+00  1.8D-01  4.786D+01  1.703D+04
  112  123     0     0  con    0  1.0D+00  1.2D-01  1.636D+01  1.703D+04
  113  124     0     0  con    0  1.0D+00  1.8D-01  1.448D+01  1.702D+04
  114  125     0     0  con    0  1.0D+00  1.4D-01  2.075D+01  1.702D+04
  115  127     0     0  con    1  4.6D-01  1.4D-01  2.411D+01  1.702D+04
  116  129     0     0  con    1  2.9D-01  1.3D-01  1.533D+01  1.702D+04
  117  130     0     0  con    0  1.0D+00  1.1D-01  6.671D+01  1.702D+04
  118  131     0     0  con    0  1.0D+00  1.3D-01  6.417D+01  1.702D+04
  119  132     0     0  con    0  1.0D+00  3.9D-02  8.655D+00  1.702D+04
  120  133     0     0  con    0  1.0D+00  3.2D-02  1.234D+01  1.701D+04
  121  134     0     0  con    0  1.0D+00  5.6D-02  3.145D+01  1.701D+04
  122  135     0     0  con    0  1.0D+00  1.0D-01  1.782D+01  1.701D+04
  123  136     0     0  con    0  1.0D+00  1.6D-01  3.475D+01  1.701D+04
  124  137     0     0  con    0  1.0D+00  8.4D-02  1.302D+01  1.701D+04
  125  138     0     0  con    0  1.0D+00  1.0D-01  2.326D+01  1.701D+04
  126  139     0     0  con    0  1.0D+00  1.3D-01  2.928D+01  1.701D+04
  127  140     0     0  con    0  1.0D+00  2.8D-01  2.671D+01  1.701D+04
  128  141     0     0  con    0  1.0D+00  8.8D-02  5.067D+01  1.701D+04
  129  142     0     0  con    0  1.0D+00  5.9D-02  6.279D+00  1.701D+04
  130  143     0     0  con    0  1.0D+00  7.6D-02  1.631D+01  1.701D+04
  131  144     0     0  con    0  1.0D+00  1.7D-01  3.464D+01  1.700D+04
  132  145     0     0  con    0  1.0D+00  2.0D-01  1.819D+01  1.700D+04
  133  146     0     0  con    0  1.0D+00  2.4D-01  3.143D+01  1.700D+04
  134  147     0     0  con    0  1.0D+00  9.5D-02  1.219D+01  1.700D+04
  135  148     0     0  con    0  1.0D+00  5.4D-02  2.503D+01  1.700D+04
  136  149     0     0  con    0  1.0D+00  1.0D-01  1.464D+01  1.700D+04
  137  150     0     0  con    0  1.0D+00  2.4D-01  2.513D+01  1.700D+04
  138  151     0     0  con    0  1.0D+00  7.5D-02  1.887D+01  1.700D+04
  139  152     0     0  con    0  1.0D+00  3.7D-02  1.724D+01  1.700D+04
  140  153     0     0  con    0  1.0D+00  1.2D-01  1.363D+01  1.700D+04
  141  154     0     0  con    0  1.0D+00  9.7D-02  3.512D+01  1.700D+04
  142  155     0     0  con    0  1.0D+00  3.1D-02  1.043D+01  1.700D+04
  143  156     0     0  con    0  1.0D+00  7.1D-02  6.344D+00  1.700D+04
  144  157     0     0  con    0  1.0D+00  5.8D-02  1.972D+01  1.699D+04
  145  158     0     0  con    0  1.0D+00  8.8D-02  8.578D+00  1.699D+04
  146  159     0     0  con    0  1.0D+00  1.3D-01  7.969D+00  1.699D+04
  147  160     0     0  con    0  1.0D+00  1.1D-01  2.658D+01  1.699D+04
  148  161     0     0  con    0  1.0D+00  1.1D-01  1.190D+01  1.699D+04
  149  162     0     0  con    0  1.0D+00  9.6D-02  1.591D+01  1.699D+04
  150  163     0     0  con    0  1.0D+00  4.8D-02  2.155D+01  1.699D+04
  151  164     0     0  con    0  1.0D+00  2.9D-02  5.751D+00  1.699D+04
  152  165     0     0  con    0  1.0D+00  2.9D-02  3.351D+00  1.699D+04
  153  166     0     0  con    0  1.0D+00  4.1D-02  7.855D+00  1.699D+04
  154  167     0     0  con    0  1.0D+00  5.7D-02  8.776D+00  1.699D+04
  155  168     0     0  con    0  1.0D+00  7.0D-02  5.148D+00  1.699D+04
  156  169     0     0  con    0  1.0D+00  1.7D-02  3.731D+00  1.699D+04
  157  170     0     0  con    0  1.0D+00  4.2D-02  2.796D+01  1.699D+04
  158  171     0     0  con    0  1.0D+00  2.7D-02  5.371D+00  1.699D+04
  159  172     0     0  con    0  1.0D+00  3.2D-02  5.769D+00  1.699D+04
  160  173     0     0  con    0  1.0D+00  8.3D-02  1.475D+01  1.699D+04
  161  174     0     0  con    0  1.0D+00  1.0D-01  2.147D+01  1.699D+04
  162  176     0     0  con    1  4.6D-01  1.9D-01  2.317D+01  1.699D+04
  163  178     0     0  con    1  2.7D-01  1.3D-01  3.010D+01  1.699D+04
  164  179     0     0  con    0  1.0D+00  2.0D-01  1.738D+01  1.699D+04
  165  180     0     0  con    0  1.0D+00  9.5D-02  1.212D+01  1.699D+04
  166  181     0     0  con    0  1.0D+00  8.0D-02  9.533D+00  1.699D+04
  167  182     0     0  con    0  1.0D+00  1.3D-01  1.453D+01  1.698D+04
  168  184     0     0  con    1  5.0D-01  5.5D-02  1.510D+01  1.698D+04
  169  185     0     0  con    0  1.0D+00  8.8D-02  9.861D+00  1.698D+04
  170  186     0     0  con    0  1.0D+00  9.0D-02  3.265D+01  1.698D+04
  171  187     0     0  con    0  1.0D+00  3.5D-02  1.376D+01  1.698D+04
  172  188     0     0  con    0  1.0D+00  3.3D-02  1.061D+01  1.698D+04
  173  189     0     0  con    0  1.0D+00  4.8D-02  1.346D+01  1.698D+04
  174  190     0     0  con    0  1.0D+00  8.6D-02  7.186D+00  1.698D+04
  175  191     0     0  con    0  1.0D+00  9.1D-02  9.735D+00  1.698D+04
  176  192     0     0  con    0  1.0D+00  1.1D-01  1.029D+01  1.698D+04
  177  193     0     0  con    0  1.0D+00  1.6D-01  1.524D+01  1.698D+04
  178  194     0     0  con    0  1.0D+00  4.3D-02  5.272D+00  1.698D+04
  179  195     0     0  con    0  1.0D+00  7.6D-02  1.017D+01  1.698D+04
  180  196     0     0  con    0  1.0D+00  8.8D-02  1.225D+01  1.698D+04
  181  197     0     0  con    0  1.0D+00  2.1D-01  1.873D+01  1.698D+04
  182  198     0     0  con    0  1.0D+00  5.1D-02  9.007D+00  1.698D+04
  183  199     0     0  con    0  1.0D+00  2.6D-02  1.054D+01  1.698D+04
  184  200     0     0  con    0  1.0D+00  4.0D-02  1.062D+01  1.698D+04
  185  201     0     0  con    0  1.0D+00  4.0D-02  4.824D+00  1.698D+04
  186  202     0     0  con    0  1.0D+00  4.3D-02  2.030D+00  1.698D+04
  187  203     0     0  con    0  1.0D+00  4.1D-02  1.058D+01  1.698D+04
  188  204     0     0  con    0  1.0D+00  2.7D-02  3.993D+00  1.698D+04
  189  205     0     0  con    0  1.0D+00  2.9D-02  2.349D+00  1.698D+04
  190  206     0     0  con    0  1.0D+00  6.2D-02  4.370D+00  1.698D+04
  191  207     0     0  con    0  1.0D+00  1.2D-01  1.408D+01  1.698D+04
  192  208     0     0  con    0  1.0D+00  9.2D-03  3.765D+00  1.698D+04
  193  209     0     0  con    0  1.0D+00  2.1D-02  2.733D+00  1.698D+04
  194  210     0     0  con    0  1.0D+00  4.9D-02  4.198D+00  1.698D+04
  195  211     0     0  con    0  1.0D+00  6.9D-02  4.202D+00  1.698D+04
  196  213     0     0  con    1  3.8D-01  3.0D-02  2.271D+01  1.698D+04
  197  214     0     0  con    0  1.0D+00  2.7D-02  7.078D+00  1.698D+04
  198  215     0     0  con    0  1.0D+00  1.7D-02  2.294D+00  1.698D+04
  199  216     0     0  con    0  1.0D+00  4.4D-02  4.930D+00  1.698D+04
  200  217     0     0  con    0  1.0D+00  2.4D-02  5.133D+00  1.698D+04
  201  218     0     0  con    0  1.0D+00  4.1D-02  4.619D+00  1.698D+04
  202  219     0     0  con    0  1.0D+00  5.1D-02  2.048D+00  1.698D+04
  203  220     0     0  con    0  1.0D+00  1.9D-02  2.609D+00  1.698D+04
  204  221     0     0  con    0  1.0D+00  6.5D-02  5.690D+00  1.698D+04
  205  222     0     0  con    0  1.0D+00  3.2D-02  3.410D+00  1.698D+04
  206  223     0     0  con    0  1.0D+00  2.5D-02  2.403D+00  1.698D+04
  207  224     0     0  con    0  1.0D+00  6.6D-02  1.751D+01  1.698D+04
  208  225     0     0  con    0  1.0D+00  3.7D-02  8.143D+00  1.698D+04
  209  226     0     0  con    0  1.0D+00  1.2D-02  3.967D+00  1.698D+04
  210  227     0     0  con    0  1.0D+00  1.8D-02  1.262D+00  1.698D+04
  211  228     0     0  con    0  1.0D+00  3.1D-02  3.050D+00  1.698D+04
  212  229     0     0  con    0  1.0D+00  8.8D-02  7.918D+00  1.698D+04
  213  230     0     0  con    0  1.0D+00  7.1D-02  5.097D+00  1.698D+04
  214  231     0     0  con    0  1.0D+00  1.6D-02  2.307D+00  1.698D+04
  215  232     0     0  con    0  1.0D+00  4.7D-02  1.981D+00  1.698D+04
  216  233     0     0  con    0  1.0D+00  5.9D-02  9.074D+00  1.698D+04
  217  234     0     0  con    0  1.0D+00  1.2D-01  4.749D+00  1.698D+04
  218  235     0     0  con    0  1.0D+00  6.7D-02  1.207D+01  1.698D+04
  219  236     0     0  con    0  1.0D+00  2.0D-02  7.931D+00  1.698D+04
  220  237     0     0  con    0  1.0D+00  4.2D-02  4.065D+00  1.698D+04
  221  238     0     0  con    0  1.0D+00  1.7D-02  8.701D+00  1.698D+04
  222  239     0     0  con    0  1.0D+00  2.0D-02  4.508D+00  1.698D+04
  223  240     0     0  con    0  1.0D+00  6.2D-02  9.852D+00  1.698D+04
  224  241     0     0  con    0  1.0D+00  3.7D-02  6.540D+00  1.698D+04
  225  242     0     0  con    0  1.0D+00  8.0D-03  3.576D+00  1.698D+04
  226  243     0     0  con    0  1.0D+00  1.1D-02  7.641D-01  1.698D+04
  227  244     0     0  con    0  1.0D+00  1.9D-02  1.849D+00  1.698D+04
  228  245     0     0  con    0  1.0D+00  3.1D-02  4.325D+00  1.698D+04
  229  246     0     0  con    0  1.0D+00  2.6D-02  3.578D+00  1.698D+04
  230  247     0     0  con    0  1.0D+00  8.1D-03  1.665D+00  1.698D+04
  231  248     0     0  con    0  1.0D+00  1.6D-02  1.197D+00  1.698D+04
  232  249     0     0  con    0  1.0D+00  1.7D-02  4.558D+00  1.698D+04
  233  250     0     0  con    0  1.0D+00  1.5D-02  1.964D+00  1.698D+04
  234  251     0     0  con    0  1.0D+00  9.8D-03  1.031D+00  1.698D+04
  235  252     0     0  con    0  1.0D+00  3.3D-03  1.410D+00  1.698D+04
  236  253     0     0  con    0  1.0D+00  6.5D-03  1.690D+00  1.698D+04
  237  254     0     0  con    0  1.0D+00  1.7D-02  3.101D+00  1.698D+04
  238  255     0     0  con    0  1.0D+00  2.5D-02  2.134D+00  1.698D+04
  239  256     0     0  con    0  1.0D+00  3.8D-03  6.386D-01  1.698D+04
  240  257     0     0  con    0  1.0D+00  7.4D-03  4.992D-01  1.698D+04
  241  258     0     0  con    0  1.0D+00  1.5D-02  1.934D+00  1.698D+04
  242  259     0     0  con    0  1.0D+00  2.5D-02  9.417D-01  1.698D+04
  243  260     0     0  con    0  1.0D+00  1.9D-02  8.134D-01  1.698D+04
  244  261     0     0  con    0  1.0D+00  4.3D-02  3.490D+00  1.698D+04
  245  262     0     0  con    0  1.0D+00  4.2D-02  7.166D+00  1.698D+04
  246  263     0     0  con    0  1.0D+00  9.7D-03  2.354D+00  1.698D+04
  247  264     0     0  con    0  1.0D+00  2.3D-02  3.490D+00  1.698D+04
  248  265     0     0  con    0  1.0D+00  3.4D-02  3.431D+00  1.698D+04
  249  266     0     0  con    0  1.0D+00  5.5D-02  5.439D+00  1.698D+04
  250  268     0     0  con    1  2.7D-01  1.4D-02  4.283D+00  1.698D+04
  251  269     0     0  con    0  1.0D+00  1.7D-02  1.786D+00  1.698D+04
  252  270     0     0  con    0  1.0D+00  2.2D-02  2.032D+00  1.698D+04
  253  272     0     0  con    1  4.6D-01  2.7D-02  2.771D+00  1.698D+04
  254  273     0     0  con    0  1.0D+00  1.2D-02  1.720D+00  1.698D+04
  255  274     0     0  con    0  1.0D+00  1.9D-02  1.071D+00  1.698D+04
  256  275     0     0  con    0  1.0D+00  9.6D-03  1.886D+00  1.698D+04
  257  276     0     0  con    0  1.0D+00  1.7D-02  1.459D+00  1.698D+04
  258  278     0     0  con    1  4.5D-01  9.1D-03  4.149D+00  1.698D+04
  259  279     0     0  con    0  1.0D+00  4.4D-03  1.187D+00  1.698D+04
  260  280     0     0  con    0  1.0D+00  6.5D-03  9.880D-01  1.698D+04
  261  281     0     0  con    0  1.0D+00  1.0D-02  2.486D+00  1.698D+04
  262  282     0     0  con    0  1.0D+00  1.6D-02  1.700D+00  1.698D+04
  263  283     0     0  con    0  1.0D+00  2.5D-02  4.495D+00  1.698D+04
  264  284     0     0  con    0  1.0D+00  4.8D-03  4.118D-01  1.698D+04
  265  285     0     0  con    0  1.0D+00  2.3D-03  1.007D+00  1.698D+04
  266  286     0     0  con    0  1.0D+00  7.4D-03  1.527D+00  1.698D+04
  267  287     0     0  con    0  1.0D+00  1.4D-02  2.502D+00  1.698D+04
  268  288     0     0  con    0  1.0D+00  1.5D-02  6.487D-01  1.698D+04
  269  289     0     0  con    0  1.0D+00  6.3D-03  3.009D-01  1.698D+04
  270  290     0     0  con    0  1.0D+00  9.6D-03  2.420D+00  1.698D+04
  271  291     0     0  con    0  1.0D+00  1.1D-02  2.082D+00  1.698D+04
  272  292     0     0  con    0  1.0D+00  2.9D-03  4.154D-01  1.698D+04
  273  293     0     0  con    0  1.0D+00  5.7D-03  8.475D-01  1.698D+04
  274  294     0     0  con    0  1.0D+00  5.9D-03  9.251D-01  1.698D+04
  275  295     0     0  con    0  1.0D+00  2.2D-02  1.403D+00  1.698D+04
  276  296     0     0  con    0  1.0D+00  3.0D-02  3.128D+00  1.698D+04
  277  297     0     0  con    0  1.0D+00  3.6D-03  3.714D-01  1.698D+04
  278  298     0     0  con    0  1.0D+00  4.1D-03  3.409D-01  1.698D+04
  279  299     0     0  con    0  1.0D+00  1.4D-02  9.475D-01  1.698D+04
  280  300     0     0  con    0  1.0D+00  2.9D-02  1.936D+00  1.698D+04
  281  301     0     0  con    0  1.0D+00  3.3D-02  1.483D+00  1.698D+04
  282  302     0     0  con    0  1.0D+00  2.6D-02  1.962D+00  1.698D+04
  283  303     0     0  con    0  1.0D+00  3.2D-02  1.744D+00  1.698D+04
  284  304     0     0  con    0  1.0D+00  1.7D-02  3.360D+00  1.698D+04
  285  305     0     0  con    0  1.0D+00  9.7D-03  2.505D+00  1.698D+04
  286  306     0     0  con    0  1.0D+00  4.7D-02  1.290D+00  1.698D+04
  287  307     0     0  con    0  1.0D+00  3.6D-02  2.787D+00  1.698D+04
  288  308     0     0  con    0  1.0D+00  6.6D-03  1.361D+00  1.698D+04
  289  309     0     0  con    0  1.0D+00  2.5D-02  5.840D-01  1.698D+04
  290  310     0     0  con    0  1.0D+00  2.3D-02  9.521D-01  1.698D+04
  291  311     0     0  con    0  1.0D+00  4.3D-02  2.299D+00  1.698D+04
  292  312     0     0  con    0  1.0D+00  6.9D-02  1.852D+00  1.698D+04
  293  313     0     0  con    0  1.0D+00  5.1D-03  9.066D-01  1.698D+04
  294  314     0     0  con    0  1.0D+00  2.1D-02  1.987D+00  1.698D+04
  295  315     0     0  con    0  1.0D+00  4.3D-02  5.344D+00  1.698D+04
  296  316     0     0  con    0  1.0D+00  1.9D-02  1.525D+00  1.698D+04
  297  317     0     0  con    0  1.0D+00  5.2D-02  1.774D+00  1.698D+04
  298  318     0     0  con    0  1.0D+00  3.6D-02  1.652D+00  1.698D+04
  299  319     0     0  con    0  1.0D+00  1.1D-01  3.960D+00  1.698D+04
  300  320     0     0  con    0  1.0D+00  9.8D-02  4.382D+00  1.698D+04
  301  321     0     0  con    0  1.0D+00  1.5D-02  1.400D+00  1.698D+04
  302  322     0     0  con    0  1.0D+00  4.9D-02  1.779D+00  1.698D+04
  303  323     0     0  con    0  1.0D+00  8.2D-02  2.963D+00  1.698D+04
  304  324     0     0  con    0  1.0D+00  2.3D-01  4.278D+00  1.698D+04
  305  326     0     0  con    1  3.3D-01  1.5D-02  4.316D+00  1.698D+04
  306  327     0     0  con    0  1.0D+00  1.2D-02  1.842D+00  1.698D+04
  307  328     0     0  con    0  1.0D+00  9.4D-02  4.094D+00  1.698D+04
  308  329     0     0  con    0  1.0D+00  2.8D-02  7.031D+00  1.698D+04
  309  330     0     0  con    0  1.0D+00  2.7D-02  3.892D+00  1.698D+04
  310  331     0     0  con    0  1.0D+00  7.5D-02  2.035D+00  1.698D+04
  311  332     0     0  con    0  1.0D+00  2.1D-02  3.952D+00  1.698D+04
  312  333     0     0  con    0  1.0D+00  3.1D-02  1.961D+00  1.698D+04
  313  334     0     0  con    0  1.0D+00  4.4D-02  1.233D+00  1.698D+04
  314  335     0     0  con    0  1.0D+00  2.2D-02  2.241D+00  1.698D+04
  315  336     0     0  con    0  1.0D+00  7.6D-02  3.419D+00  1.698D+04
  316  337     0     0  con    0  1.0D+00  1.3D-02  9.279D-01  1.698D+04
  317  338     0     0  con    0  1.0D+00  8.1D-03  7.109D-01  1.698D+04
  318  339     0     0  con    0  1.0D+00  2.3D-02  1.443D+00  1.698D+04
  319  340     0     0  con    0  1.0D+00  5.2D-02  9.218D+00  1.698D+04
  320  341     0     0  con    0  1.0D+00  1.2D-02  1.964D+00  1.698D+04
  321  342     0     0  con    0  1.0D+00  8.5D-03  1.406D+00  1.698D+04
  322  343     0     0  con    0  1.0D+00  2.4D-02  1.622D+00  1.698D+04
  323  344     0     0  con    0  1.0D+00  1.3D-02  3.510D+00  1.698D+04
  324  345     0     0  con    0  1.0D+00  1.8D-02  1.452D+00  1.698D+04
  325  346     0     0  con    0  1.0D+00  8.1D-03  4.796D-01  1.698D+04
  326  347     0     0  con    0  1.0D+00  6.3D-03  8.190D-01  1.698D+04
  327  348     0     0  con    0  1.0D+00  1.2D-02  1.113D+00  1.698D+04
  328  350     0     0  con    1  4.4D-01  1.0D-02  2.005D+00  1.698D+04
  329  351     0     0  con    0  1.0D+00  1.3D-02  7.456D-01  1.698D+04
  330  352     0     0  con    0  1.0D+00  1.7D-02  4.594D-01  1.698D+04
  331  353     0     0  con    0  1.0D+00  2.8D-02  1.178D+00  1.698D+04
  332  355     0     0  con    1  4.9D-01  2.7D-02  4.464D+00  1.698D+04
  333  356     0     0  con    0  1.0D+00  2.9D-02  1.245D+00  1.698D+04
  334  357     0     0  con    0  1.0D+00  2.9D-02  1.014D+00  1.698D+04
  335  358     0     0  con    0  1.0D+00  4.3D-02  7.466D+00  1.698D+04
  336  359     0     0  con    0  1.0D+00  3.1D-03  2.944D+00  1.698D+04
  337  360     0     0  con    0  1.0D+00  1.1D-02  8.119D-01  1.698D+04
  338  361     0     0  con    0  1.0D+00  1.9D-02  1.980D+00  1.698D+04
  339  362     0     0  con    0  1.0D+00  3.7D-02  2.449D+00  1.698D+04
  340  363     0     0  con    0  1.0D+00  7.2D-02  3.690D+00  1.698D+04
  341  364     0     0  con    0  1.0D+00  2.2D-02  1.039D+00  1.698D+04
  342  365     0     0  con    0  1.0D+00  8.3D-03  4.270D-01  1.698D+04
  343  366     0     0  con    0  1.0D+00  9.1D-03  1.290D+00  1.698D+04
  344  367     0     0  con    0  1.0D+00  2.4D-02  2.310D+00  1.698D+04
  345  368     0     0  con    0  1.0D+00  1.6D-02  1.645D+00  1.698D+04
  346  369     0     0  con    0  1.0D+00  1.8D-02  1.346D+00  1.698D+04
  347  370     0     0  con    0  1.0D+00  1.3D-02  6.403D-01  1.698D+04
  348  371     0     0  con    0  1.0D+00  1.4D-02  2.768D+00  1.698D+04
  349  372     0     0  con    0  1.0D+00  1.9D-02  6.216D-01  1.698D+04
  350  373     0     0  con    0  1.0D+00  2.0D-02  3.613D-01  1.698D+04
  351  374     0     0  con    0  1.0D+00  2.6D-02  1.113D+00  1.698D+04
  352  375     0     0  con    0  1.0D+00  5.5D-02  2.948D+00  1.698D+04
  353  376     0     0  con    0  1.0D+00  1.1D-02  6.222D-01  1.698D+04
  354  377     0     0  con    0  1.0D+00  6.8D-03  7.926D-01  1.698D+04
  355  378     0     0  con    0  1.0D+00  2.0D-02  1.370D+00  1.698D+04
  356  379     0     0  con    0  1.0D+00  4.1D-02  3.172D+00  1.698D+04
  357  380     0     0  con    0  1.0D+00  7.4D-03  7.471D-01  1.698D+04
  358  381     0     0  con    0  1.0D+00  7.7D-03  2.905D-01  1.698D+04
  359  382     0     0  con    0  1.0D+00  2.5D-02  1.402D+00  1.698D+04
  360  384     0     0  con    1  5.2D-01  1.6D-02  2.896D+00  1.698D+04
  361  385     0     0  con    0  1.0D+00  9.8D-03  1.758D+00  1.698D+04
  362  386     0     0  con    0  1.0D+00  2.0D-02  5.734D-01  1.698D+04
  363  387     0     0  con    0  1.0D+00  1.1D-02  7.483D-01  1.698D+04
  364  388     0     0  con    0  1.0D+00  2.6D-02  1.161D+00  1.698D+04
  365  390     0     0  con    1  4.7D-01  2.0D-02  1.502D+00  1.698D+04
  366  391     0     0  con    0  1.0D+00  2.1D-02  6.639D-01  1.698D+04
  367  392     0     0  con    0  1.0D+00  2.0D-02  4.150D-01  1.698D+04
  368  393     0     0  con    0  1.0D+00  2.9D-02  1.587D+00  1.698D+04
  369  394     0     0  con    0  1.0D+00  2.2D-02  8.683D-01  1.698D+04
  370  395     0     0  con    0  1.0D+00  1.0D-02  3.566D-01  1.698D+04
  371  396     0     0  con    0  1.0D+00  2.7D-02  1.877D+00  1.698D+04
  372  398     0     0  con    1  5.0D-01  1.2D-02  2.979D+00  1.698D+04
  373  399     0     0  con    0  1.0D+00  1.1D-02  1.314D+00  1.698D+04
  374  400     0     0  con    0  1.0D+00  2.4D-02  3.334D-01  1.698D+04
  375  401     0     0  con    0  1.0D+00  1.1D-02  1.089D+00  1.698D+04
  376  402     0     0  con    0  1.0D+00  2.3D-02  4.688D-01  1.698D+04
  377  403     0     0  con    0  1.0D+00  9.6D-03  1.352D+00  1.698D+04
  378  404     0     0  con    0  1.0D+00  2.5D-03  7.281D-01  1.698D+04
  379  405     0     0  con    0  1.0D+00  9.0D-03  8.183D-01  1.698D+04
  380  406     0     0  con    0  1.0D+00  9.6D-03  6.081D-01  1.698D+04
  381  407     0     0  con    0  1.0D+00  2.3D-02  2.968D-01  1.698D+04
  382  408     0     0  con    0  1.0D+00  3.3D-02  1.116D+00  1.698D+04
  383  409     0     0  con    0  1.0D+00  9.1D-03  2.964D-01  1.698D+04
  384  410     0     0  con    0  1.0D+00  4.5D-03  4.916D-01  1.698D+04
  385  411     0     0  con    0  1.0D+00  7.7D-03  1.128D+00  1.698D+04
  386  412     0     0  con    0  1.0D+00  1.0D-02  1.404D+00  1.698D+04
  387  413     0     0  con    0  1.0D+00  4.3D-03  1.950D-01  1.698D+04
  388  414     0     0  con    0  1.0D+00  4.5D-03  5.383D-01  1.698D+04
  389  415     0     0  con    0  1.0D+00  4.1D-03  5.164D-01  1.698D+04
  390  416     0     0  con    0  1.0D+00  1.6D-02  7.768D-01  1.698D+04
  391  417     0     0  con    0  1.0D+00  4.6D-03  3.699D-01  1.698D+04
  392  418     0     0  con    0  1.0D+00  1.6D-03  1.484D-01  1.698D+04
  393  419     0     0  con    0  1.0D+00  2.9D-03  2.471D-01  1.698D+04
  394  420     0     0  con    0  1.0D+00  7.2D-03  1.067D+00  1.698D+04
  395  421     0     0  con    0  1.0D+00  4.3D-03  5.440D-01  1.698D+04
  396  422     0     0  con    0  1.0D+00  9.2D-03  2.140D-01  1.698D+04
  397  423     0     0  con    0  1.0D+00  5.3D-03  5.931D-01  1.698D+04
  398  424     0     0  con    0  1.0D+00  1.5D-02  2.230D+00  1.698D+04
  399  425     0     0  con    0  1.0D+00  1.4D-03  3.209D-01  1.698D+04
  400  426     0     0  con    0  1.0D+00  1.8D-03  2.889D-01  1.698D+04
  401  427     0     0  con    0  1.0D+00  4.1D-03  2.103D-01  1.698D+04
  402  428     0     0  con    0  1.0D+00  5.9D-03  8.449D-01  1.698D+04
  403  429     0     0  con    0  1.0D+00  8.6D-03  3.074D-01  1.698D+04
  404  430     0     0  con    0  1.0D+00  5.5D-03  8.765D-02  1.698D+04
  405  431     0     0  con    0  1.0D+00  9.9D-03  5.001D-01  1.698D+04
  406  432     0     0  con    0  1.0D+00  8.2D-03  4.839D-01  1.698D+04
  407  433     0     0  con    0  1.0D+00  5.2D-03  2.714D-01  1.698D+04
  408  434     0     0  con    0  1.0D+00  1.1D-02  3.166D-01  1.698D+04
  409  435     0     0  con    0  1.0D+00  5.9D-03  3.120D-01  1.698D+04
  410  436     0     0  con    0  1.0D+00  3.7D-03  4.114D-01  1.698D+04
  411  437     0     0  con    0  1.0D+00  1.1D-02  2.324D-01  1.698D+04
  412  438     0     0  con    0  1.0D+00  5.0D-03  9.942D-01  1.698D+04
  413  439     0     0  con    0  1.0D+00  1.0D-03  4.924D-01  1.698D+04
  414  440     0     0  con    0  1.0D+00  5.3D-03  4.348D-01  1.698D+04
  415  441     0     0  con    0  1.0D+00  2.6D-03  3.347D-01  1.698D+04
  416  442     0     0  con    0  1.0D+00  6.2D-03  3.213D-01  1.698D+04
  417  444     0     0  con    1  3.5D-01  4.6D-03  3.576D-01  1.698D+04
  418  445     0     0  con    0  1.0D+00  3.6D-03  1.294D-01  1.698D+04
  419  446     0     0  con    0  1.0D+00  3.5D-03  2.738D-01  1.698D+04
  420  447     0     0  con    0  1.0D+00  5.6D-03  9.512D-01  1.698D+04
  421  448     0     0  con    0  1.0D+00  1.4D-03  2.165D-01  1.698D+04
  422  449     0     0  con    0  1.0D+00  2.5D-03  2.319D-01  1.698D+04
  423  450     0     0  con    0  1.0D+00  3.8D-03  3.323D-01  1.698D+04
  424  451     0     0  con    0  1.0D+00  6.9D-03  1.121D+00  1.698D+04
  425  452     0     0  con    0  1.0D+00  9.8D-03  8.922D-01  1.698D+04
  426  453     0     0  con    0  1.0D+00  1.1D-03  1.123D-01  1.698D+04
  427  454     0     0  con    0  1.0D+00  6.7D-04  1.852D-01  1.698D+04
  428  455     0     0  con    0  1.0D+00  2.8D-03  3.808D-01  1.698D+04
  429  456     0     0  con    0  1.0D+00  8.8D-03  3.888D-01  1.698D+04
  430  457     0     0  con    0  1.0D+00  1.1D-02  9.292D-01  1.698D+04
  431  458     0     0  con    0  1.0D+00  8.9D-04  1.451D-01  1.698D+04
  432  459     0     0  con    0  1.0D+00  1.6D-03  8.275D-02  1.698D+04
  433  460     0     0  con    0  1.0D+00  4.8D-03  2.740D-01  1.698D+04
  434  461     0     0  con    0  1.0D+00  6.8D-03  4.309D-01  1.698D+04
  435  462     0     0  con    0  1.0D+00  1.4D-02  1.073D+00  1.698D+04
  436  463     0     0  con    0  1.0D+00  1.5D-03  1.799D-01  1.698D+04
  437  464     0     0  con    0  1.0D+00  8.1D-04  1.728D-01  1.698D+04
  438  465     0     0  con    0  1.0D+00  1.7D-03  5.674D-01  1.698D+04
  439  466     0     0  con    0  1.0D+00  2.8D-03  4.422D-01  1.698D+04
  440  467     0     0  con    0  1.0D+00  3.7D-03  2.284D-01  1.698D+04
  441  468     0     0  con    0  1.0D+00  6.5D-03  1.174D-01  1.698D+04
  442  469     0     0  con    0  1.0D+00  3.8D-03  2.252D-01  1.698D+04
  443  470     0     0  con    0  1.0D+00  9.1D-03  8.545D-01  1.698D+04
  444  471     0     0  con    0  1.0D+00  2.2D-03  1.108D-01  1.698D+04
  445  472     0     0  con    0  1.0D+00  1.1D-03  8.873D-02  1.698D+04
  446  473     0     0  con    0  1.0D+00  1.2D-03  1.997D-01  1.698D+04
  447  474     0     0  con    0  1.0D+00  4.5D-03  2.901D-01  1.698D+04
  448  475     0     0  con    0  1.0D+00  9.3D-03  9.395D-01  1.698D+04

CONVERGENCE: REL_REDUCTION_OF_F_<=_FACTR*EPSMCH             

 Total User time 0.000E+00 seconds.

